19
12
1
9
9
9
0
0
0
0
0
7
2
3
1
9
0
0
0
0
0
0
0
7
2
3
19
19
19
19
19
0
0
0
0
25
2
3
9
0
0
0
0
0
0
0
0
0
10
2
0
0
0
0
0
0
0
0
0
0
0
0
19
19
0
0
0
0
0
0
0
0
0
25
9
9
0
0
0
0
0
0
0
0
25
2
9
9
9
9
0
0
0
0
0
0
2
3
9
0
0
0
0
0
17
0
0
17
2
3
19
19
19
19
0
28
17
17
17
17
2
3
9
9
9
0
0
0
17
0
0
17
2
3
9
9
9
9
0
0
0
0
0
0
2
3
19
19
0
0
0
0
0
0
0
0
0
2
9
9
9
0
9
9
9
19
19
19
0
25
9
0
0
9
9
9
9
9
19
0
0
10
0
0
0
9
9
9
9
18
18
18
18
2
19
19
19
9
9
9
9
9
0
10
2
3
1
9
0
0
9
9
9
19
19
7
2
3
1
9
9
0
0
0
0
0
0
7
2
3